4 0.42734375 0.514814814815 0.1203125 0.087037037037
4 0.269270833333 0.2875 0.0708333333333 0.0694444444444
3 0.598697916667 0.538888888889 0.0828125 0.17962962963
3 0.302083333333 0.26712962963 0.0270833333333 0.0972222222222
3 0.27578125 0.376851851852 0.0432291666667 0.211111111111
3 0.207552083333 0.293981481481 0.0244791666667 0.0898148148148
3 0.0244791666667 0.2375 0.0385416666667 0.121296296296
14 0.294791666667 0.311111111111 0.134375 0.196296296296
14 0.49921875 0.580555555556 0.2859375 0.311111111111
6 0.0234375 0.290740740741 0.0427083333333 0.0981481481481
