      0/99     10.1G      3.98      3.64      3.07      10.7       417       800    0.0445  0.000649   0.00261   0.00122       3.5      3.56      2.55
      1/99     10.5G      3.23      2.56       2.3      8.08       276       736     0.135    0.0275    0.0282    0.0377      2.93       2.6      1.77
      2/99     10.5G      2.95         2       1.8      6.75       373       576      0.16     0.057    0.0589    0.0703      2.67      2.09       1.4
      3/99     10.5G      2.75      1.74      1.54      6.03       270       832     0.191     0.088    0.0883       0.1      2.51      2.01      1.17
      4/99     10.5G      2.62      1.71      1.38       5.7       290       640     0.219      0.11     0.106      0.12       2.4      1.94      1.06
      5/99     10.5G      2.52      1.67      1.27      5.47       345       800     0.223      0.13     0.128     0.141      2.29       1.9     0.939
      6/99     10.5G      2.46      1.65       1.2      5.31       244       704     0.254     0.147     0.147      0.16      2.24      1.86     0.885
      7/99     10.5G      2.41      1.63      1.13      5.17       348       704     0.269     0.161     0.166     0.172      2.17      1.84     0.841
      8/99     10.5G      2.36       1.6      1.09      5.05       186       384     0.309     0.194     0.196      0.21      2.12      1.81     0.799
      9/99     10.5G      2.33      1.58      1.05      4.96       320       768     0.329     0.201     0.192     0.202      2.09      1.79     0.774
     10/99     10.5G      2.29      1.57      1.02      4.88       408       416     0.359     0.227     0.226     0.231      2.05      1.78     0.746
     11/99     10.5G      2.27      1.58      1.01      4.86       237       704     0.395     0.237     0.233     0.236      2.03      1.76     0.731
     12/99     10.5G      2.24      1.56     0.972      4.77       216       448     0.378     0.242     0.237     0.236      2.01      1.75     0.715
     13/99     10.5G      2.22      1.53     0.947       4.7       279       768     0.324     0.241     0.243     0.233      1.99      1.74     0.702
     14/99     10.5G      2.21      1.54     0.935      4.68       295       416     0.332      0.25     0.248     0.238      1.97      1.73     0.691
     15/99     10.5G      2.19      1.54     0.922      4.64       370       608      0.33      0.25      0.25      0.24      1.96      1.72     0.685
     16/99     7.24G      2.14      1.55     0.882      4.57       726       608     0.416     0.228     0.229     0.253      2.06      1.78     0.748
     17/99     7.24G      2.12      1.53     0.865      4.51       688       608     0.334     0.242     0.238      0.25      2.04      1.77     0.723
     18/99     7.26G       2.1      1.53     0.844      4.48       710       608     0.356     0.247     0.234     0.259      2.01      1.76      0.71
     19/99     7.26G      2.09      1.51     0.836      4.44       537       608     0.372     0.256     0.245     0.259         2      1.75     0.688
     20/99     7.26G      2.08      1.51     0.825      4.42       622       608     0.338     0.257     0.252     0.269      1.96      1.73     0.692
